-0.895970 0.020100
-0.862380 0.033700
-0.857180 -0.016300
-0.836080 -0.061000
-0.812620 -0.103900
-0.811050 0.061700
-0.817990 0.044200
-0.774672 -0.133300
-0.770983 0.076800
-0.739691 -0.167400
-0.755635 -0.019100
-0.753229 -0.038600
-0.701449 -0.200100
-0.720272 0.089500
-0.736891 0.074300
-0.645078 -0.241810
-0.614549 -0.261940
-0.677950 0.117900
-0.600862 -0.251390
-0.563780 -0.278750
-0.661483 0.134300
-0.619460 0.153500
-0.473610 -0.314440
-0.406470 -0.325990
-0.381410 -0.342370
-0.551890 0.165500
-0.531390 0.193300
-0.289770 -0.363340
-0.483280 0.237300
-0.195080 -0.384340
-0.141220 -0.415460
-0.378620 0.010000
-0.346080 -0.044900
-0.084530 -0.435190
-0.427110 0.272400
-0.385680 0.084700
-0.239730 -0.186900
-0.217820 -0.222430
-0.189450 -0.264440
-0.017110 -0.467140
-0.423370 0.319900
-0.350820 0.147500
-0.268540 -0.043900
-0.210850 -0.173400
-0.143290 -0.292490
-0.104610 -0.325210
0.051850 -0.487560
-0.395680 0.341400
-0.030290 -0.367430
0.000470 -0.401870
0.100370 -0.516030
-0.391160 0.391300
-0.319010 0.216800
-0.226180 0.007200
-0.132970 -0.198700
0.041290 -0.418780
0.076150 -0.457310
0.136000 -0.497760
0.164240 -0.534600
-0.373640 0.429200
-0.054570 -0.239260
-0.317360 0.265800
-0.226250 0.052600
-0.311100 0.445500
-0.310800 0.367400
-0.314790 0.316000
-0.193320 0.077800
-0.014930 -0.258610
0.031390 -0.285990
0.224740 -0.551900
0.244850 -0.565250
-0.335800 0.523100
-0.296860 0.608700
-0.308660 0.539200
-0.296910 0.473700
-0.155880 0.144700
0.142640 -0.345220
-0.280590 0.666100
-0.260950 0.696800
-0.116800 0.191700
0.094990 -0.174200
0.124450 -0.236010
0.165280 -0.291840
0.228700 -0.341140
0.259880 -0.380820
-0.017180 0.028500
0.023550 -0.040800
0.065140 -0.108000
-0.020080 0.081000
-0.015840 0.122900
0.287400 -0.351770
0.328200 -0.389440
0.361000 -0.417390
-0.034380 0.241200
0.013040 0.172900
0.020950 0.273100
0.013350 0.228800
0.065360 0.302600
