0.258046 0.275287
0.315517 0.309770
0.315517 -0.276437
0.372989 -0.276437
0.384483 -0.299425
0.407471 0.344253
0.441954 0.378736
0.453448 -0.310920
0.522414 0.436207
0.522414 -0.322414
0.545402 -0.368391
0.568391 0.217816
0.579885 0.160345
0.579885 -0.391379
0.614368 0.482184
0.591379 0.298276
0.614368 -0.000575
0.614368 -0.046552
0.614368 -0.104023
0.614368 -0.437356
0.637356 0.528161
0.660345 0.367241
0.660345 0.171839
0.648851 0.022414
0.637356 -0.138506
0.648851 -0.184483
0.660345 -0.460345
0.683333 0.551149
0.683333 -0.241954
0.683333 -0.299425
0.683333 -0.506322
0.706322 0.597126
0.729310 0.436207
0.729310 0.229310
0.706322 -0.000575
0.706322 -0.322414
0.706322 -0.391379
0.729310 -0.460345
0.729310 -0.529310
0.740805 0.631609
0.752299 -0.046552
0.752299 0.482184
0.752299 0.275287
0.821264 0.643103
0.798276 0.574138
0.775287 0.528161
0.798276 0.298276
0.775287 -0.069540
0.798276 -0.104023
0.775287 -0.552299
0.786782 -0.575287
0.809770 0.712069
0.867241 0.781034
0.844253 0.723563
0.844253 0.666092
0.867241 0.355747
0.855747 -0.184483
0.890230 0.827011
0.913218 0.850000
0.924713 0.390230
0.924713 0.022414
0.913218 -0.046552
0.913218 -0.115517
0.936207 -0.184483
0.936207 -0.241954
0.936207 0.229310
0.936207 0.160345
0.936207 0.091379
0.959195 0.275287
0.982184 0.309770
0.982184 -0.207471
0.993678 -0.264943
1.005172 -0.310920
1.016667 0.413218
1.028161 0.344253
1.074138 0.424713
1.051149 0.390230
1.120115 0.436207
